0.122896
0.123280
0.124712
0.056890
0.151761
0.220628
0.145782
0.095592
0.108205
0.140726
0.135909
0.102884
0.124218
0.054076
0.070571
0.091671
0.115230
0.011350
0.128242
0.103295
0.073288
0.265861
0.149615
0.065502
0.200500
0.122130
0.132363
0.082295
0.214018
0.111698
0.060928
0.050881
0.115672
0.092691
0.103041
0.034402
0.010034
0.106346
0.126454
0.030653
0.096036
0.102010
0.030923
0.229675
0.102372
0.058473
0.119767
0.050461
0.145879
0.082590
0.175259
0.079296
0.077218
0.159127
0.150578
0.115092
0.165824
0.104804
0.148416
0.132995
0.146128
0.060876
0.068458
0.097613
0.058536
0.084934
0.095613
0.006443
0.124865
0.155756
0.115083
0.180091
0.055791
0.101361
0.056795
0.067428
0.114989
0.076781
0.185242
0.105087
0.116880
0.053297
0.107767
0.138558
0.075001
0.084858
0.097776
0.143530
0.135281
0.159153
0.072888
0.109403
0.137615
0.176742
0.135433
0.099082
0.109605
0.103452
0.062613
0.141508
0.104889
0.088334
0.132262
0.018571
0.085689
0.119688
0.071663
0.134353
0.175374
0.076221
0.166593
0.111195
0.084068
0.111820
0.031697
0.023537
0.078895
0.055504
0.098831
0.065358
0.094262
0.028209
0.046056
0.053838
0.104443
0.012992
0.072447
0.057703
0.106728
0.108350
0.018736
0.075335
0.097347
0.100117
0.056732
0.095444
0.070921
0.090333
0.146804
0.044158
0.053351
0.039498
0.030615
0.013289
0.064356
0.056245
0.037838
0.087709
0.082435
0.014045
0.014045
0.076794
0.071890
0.177734
0.006705
0.048373
0.049676
0.096227
0.147698
0.127077
0.105370
0.127015
0.107235
0.097577
0.059160
0.062167
0.080155
0.067975
0.016450
0.097632
0.096804
0.016881
0.090039
0.136869
0.047081
0.121949
0.115325
0.121859
0.083177
0.107382
0.110372
0.121859
0.149230
0.193661
0.016043
0.001712
0.106553
0.048005
0.108983
0.011058
0.044723
0.155216
0.069545
0.091292
0.105449
0.101073
0.133343
0.008294
0.003065
0.060489
0.042790
0.100505
0.166627
0.108629
0.108741
0.064729
0.059324
0.015794
0.084957
0.048108
0.099505
0.013720
0.142337
0.069790
0.025262
0.165640
0.119463
0.121746
0.087305
0.080026
0.061398
0.054408
0.049334
0.104463
0.058069
0.160729
0.066358
0.164361
0.069154
0.033974
0.046587
0.020475
0.144102
0.113240
0.040327
0.083267
0.015739
0.049889
0.017240
0.104173
0.040998
0.079435
0.016576
0.132181
0.065656
0.022700
0.030309
0.016845
0.083996
0.037572
0.056761
0.035709
0.023596
0.022687
0.038938
0.053707
0.040863
0.022757
0.099702
0.112206
0.041464
0.002954
0.154063
0.044808
0.024993
0.035217
0.022506
0.010999
0.092816
0.060828
0.100326
0.019829
0.053865
0.026582
0.020990
0.034371
0.020424
0.016873
0.035104
0.049504
0.014379
0.015954
0.032851
0.044190
0.005019
0.033331
0.035764
0.038199
0.141924
0.156458
0.047147
0.198480
0.074108
0.140933
0.041759
0.087715
0.020702
0.123055
0.001485
0.013916
0.022280
0.052402
0.065519
0.051711
0.067170
0.097236
0.020456
0.064469
0.053244
0.029373
0.136064
0.043408
0.040960
0.031138
0.000161
0.020147
0.032514
0.033667
0.014120
0.030726
0.063516
0.011226
0.039388
0.069680
0.044946
0.024708
0.015359
0.015731
0.022013
0.019816
0.099632
0.013126
0.014719
0.144544
0.008373
0.038445
0.029763
0.073352
0.007556
0.007468
0.008762
0.013749
0.016496
0.021194
0.073774
0.019214
0.020598
0.069644
0.013821
0.052682
0.017128
0.014546
0.043979
0.028878
0.077810
0.007302
0.010824
0.010520
0.011905
0.009938
0.010321
0.132477
0.011397
0.030882
0.010261
0.010169
0.010492
0.023692
0.024068
0.023412
0.037511
0.049034
0.038274
0.018989
0.132303
0.012889
0.027334
0.013947
0.030198
0.028914

0.178194
0.117105
0.191275
0.073892
0.128793
0.179891
0.160880
0.049262
0.132446
0.172240
0.136805
0.149294
0.113717
0.071777
0.120883
0.077782
0.163403
0.007358
0.139421
0.152281
0.089235
0.179990
0.130437
0.078604
0.215385
0.142822
0.158990
0.142552
0.190665
0.132016
0.083250
0.100763
0.093837
0.122502
0.137848
0.053434
0.036379
0.094722
0.148412
0.061920
0.102518
0.112136
0.034436
0.172355
0.098060
0.120668
0.251796
0.046071
0.115162
0.135074
0.188833
0.154671
0.128137
0.158331
0.164257
0.196167
0.203644
0.147651
0.164625
0.226939
0.112104
0.101784
0.065745
0.164871
0.134264
0.127538
0.147457
0.021553
0.131195
0.220017
0.193035
0.072733
0.055453
0.135145
0.128838
