1.000000
0.065815
0.133585
0.049724
0.142992
0.109500
0.126693
0.054585
0.162572
0.067873
0.080589
0.092742
0.022930
0.020149
0.071039
0.111393
0.049745
0.042767
0.080430
0.080554
0.064298
0.092547
0.077224
0.156962
0.085936
0.091982
0.057867
0.072701
0.169476
0.053832
0.036981
0.032889
0.125066
0.072944
0.112864
0.034106
0.046018
0.089703
0.111417
0.022637
0.189562
0.035328
0.035079
0.062125
0.063830
0.059101
0.117481
0.035448
0.076876
0.051891
0.143634
0.074290
0.069204
0.053463
0.038075
0.074076
0.139072
0.163430
0.039461
0.141791
0.071919
0.118260
0.066577
0.109242
0.079388
0.111580
0.097556
0.040488
0.033265
0.188194
0.213642
0.050386
0.157283
0.085843
0.069408
0.059854
0.078713
0.036594
0.101093
0.035891
0.080149
0.056699
0.086149
0.133366
0.054938
0.080821
0.060222
0.124332
0.141334
0.081348
0.086126
0.071959
0.093522
0.077794
0.085205
0.075996
0.037808
0.040432
0.049451
0.071475
0.071499
0.105746
0.076053
0.025339
0.091638
0.079218
0.074132
0.065428
0.101955
0.042944
0.048530
0.064101
0.082357
0.056455
0.043896
0.026717
0.044733
0.051965
0.049521
0.035232
0.052926
0.022736
0.028236
0.042511
0.047231
0.005383
0.042864
0.028040
0.063012
0.073952
0.011757
0.033228
0.082274
0.055789
0.018137
0.045795
0.051678
0.037081
0.078473
0.016856
0.055683
0.024515
0.019755
0.008822
0.028518
0.021844
0.041281
0.035549
0.070102
0.004990
0.004990
0.041596
0.093474
0.087363
0.016837
0.044245
0.050518
0.060670
0.088407
0.057327
0.049976
0.048847
0.086272
0.073117
0.042101
0.050908
0.033667
0.036977
0.010939
0.072179
0.067471
0.013868
0.112154
0.066960
0.021887
0.051214
0.048454
0.082082
0.051112
0.040414
0.039299
0.082082
0.058289
0.091608
0.004452
0.011285
0.047920
0.032962
0.077091
0.007898
0.037495
0.073707
0.038891
0.036281
0.054267
0.070270
0.058754
0.016683
0.012369
0.043492
0.059402
0.041341
0.050351
0.067283
0.059642
0.044397
0.049989
0.015802
0.048327
0.061288
0.080263
0.011681
0.046594
0.140519
0.040154
0.094577
0.076666
0.058685
0.053574
0.038691
0.049329
0.058201
0.054453
0.045250
0.043743
0.127122
0.042106
0.066291
0.113547
0.027377
0.029169
0.017601
0.101806
0.147833
0.013851
0.029778
0.008421
0.035433
0.023661
0.078343
0.025659
0.023521
0.006763
0.101428
0.101214
0.017508
0.039001
0.009951
0.084654
0.014693
0.047343
0.009117
0.006763
0.024076
0.012933
0.044128
0.012692
0.008985
0.060388
0.080766
0.015858
0.018935
0.100831
0.013677
0.017481
0.020830
0.017452
0.013330
0.106783
0.080465
0.115805
0.009576
0.014507
0.052358
0.010263
0.059662
0.011518
0.006505
0.049872
0.021498
0.027666
0.017382
0.039779
0.017136
0.008234
0.017091
0.054867
0.028155
0.194947
0.060516
0.031249
0.067899
0.068459
0.127002
0.016508
0.076060
0.026983
0.070857
0.012933
0.017258
0.024222
0.027040
0.065919
0.030503
0.047061
0.075409
0.016259
0.119007
0.069842
0.009578
0.138616
0.031209
0.032521
0.037194
0.003424
0.028394
0.009656
0.032191
0.013996
0.019324
0.096828
0.008560
0.019170
0.041896
0.071802
0.006937
0.007550
0.006795
0.007853
0.007279
0.006529
0.005682
0.008475
0.051676
0.009276
0.006016
0.031021
0.015264
0.013885
0.007020
0.008013
0.008881
0.030759
0.011578
0.080436
0.017549
0.027129
0.057066
0.007445
0.042323
0.030590
0.017606
0.020960
0.030335
0.030352
0.001360
0.008333
0.009556
0.008510
0.010484
0.008227
0.119714
0.010078
0.008442
0.009168
0.008144
0.007537
0.008329
0.042243
0.011151
0.036867
0.033003
0.018560
0.017518
0.062368
0.008748
0.020022
0.013639
0.032033
0.012600

0.065815
1.000000
0.050406
0.048915
0.018565
0.100465
0.033224
0.047043
0.078262
0.036387
0.031924
0.048348
0.042050
0.074143
0.032720
0.042957
0.035497
0.010396
0.037825
0.042142
0.041294
0.072218
0.050926
0.022879
0.100173
0.041314
0.058018
0.038339
0.097075
0.021467
0.030133
0.015881
0.040649
0.100160
0.043878
0.005351
0.013566
0.037330
0.064347
0.006600
0.055629
0.058904
0.007078
0.051147
0.025412
0.036486
0.053727
0.054739
0.081138
0.071785
0.063491
0.044800
0.048275
0.035069
0.100162
0.061014
0.045233
0.109036
0.097968
0.093621
0.171172
0.041105
0.061114
0.051766
0.020033
0.060539
0.026984
0.016057
0.096133
0.072764
0.051644
0.033424
0.023243
0.042300
0.030920
0.021855
0.047966
0.073147
0.108734
0.033587
0.090590
0.031794
0.019480
0.049211
0.057626
0.070054
0.066688
0.061289
0.041629
0.063519
0.028618
0.055826
0.034653
0.058279
0.069064
0.055563
0.061981
0.050531
0.030009
0.048448
0.027349
0.038874
0.044758
0.006679
0.063586
0.090249
0.039389
0.060372
0.104561
0.023107
0.097993
0.083560
0.026861
0.025325
0.013990
0.018752
0.030257
0.026917
0.033076
0.029511
0.045932
0.012870
0.013649
0.038697
0.038926
0.011498
0.080057
0.024216
0.035461
0.044141
0.022279
0.028603
0.029353
0.038518
0.023542
0.050770
0.047847
0.024442
0.113249
0.019057
0.047376
0.019799
0.020255
0.016668
0.028330
0.025534
0.024880
0.042568
0.050007
0.005231
0.005231
0.060603
0.059280
0.056793
0.005817
0.025534
0.030696
0.043091
0.048070
0.054406
0.041078
0.048591
0.043795
0.043527
0.035452
0.026327
0.024787
0.038925
0.003732
0.051737
0.052685
0.005252
0.030938
0.058477
0.013097
0.032543
0.046452
0.063678
0.030975
0.029369
0.029814
0.063678
0.035552
0.067461
0.007374
0.004544
0.064224
0.028757
0.046182
0.006688
0.018196
0.043868
0.044498
0.030735
0.036491
0.064572
0.050472
0.008992
0.004577
0.020367
0.039698
0.024539
0.051171
0.035824
0.038365
0.045745
0.049644
0.008638
0.024453
0.020479
0.041924
0.009467
0.056024
0.037636
0.012132
0.059408
0.063247
0.040856
0.034004
0.028750
0.039633
0.026959
0.028730
0.042996
0.021268
0.062759
0.033841
0.069295
0.027048
0.033966
0.010578
0.009975
0.045589
0.038867
0.010692
0.024942
0.010489
0.009915
0.009479
0.048368
0.015958
0.042214
0.008235
0.053330
0.047866
0.010686
0.033935
0.011920
0.029595
0.010384
0.017638
0.018127
0.009243
0.009455
0.026185
0.025358
0.009766
0.022775
0.024123
0.063470
0.032157
0.001277
0.070371
0.011693
0.012706
0.014887
0.017534
0.012041
0.020799
0.052472
0.029724
0.016650
0.035490
0.018627
0.055400
0.013793
0.023648
0.008694
0.019622
0.016594
0.036042
0.017869
0.021933
0.008308
0.012169
0.011101
0.012726
0.018194
0.039851
0.050537
0.011616
0.060232
0.045795
0.047010
0.006915
0.023260
0.013286
0.051590
0.006320
0.004233
0.012194
0.016119
0.016426
0.058258
0.044696
0.034087
0.018953
0.029907
0.024869
0.013971
0.059932
0.013531
0.014583
0.015655
0.002927
0.016598
0.008390
0.026368
0.010678
0.012507
0.018886
0.010235
0.016172
0.022808
0.012293
0.008684
0.009575
0.012523
0.009441
0.009448
0.009583
0.010453
0.013030
0.039000
0.011778
0.014889
0.018719
0.027558
0.016211
0.008267
0.009364
0.012022
0.035020
0.012902
0.046873
0.015965
0.010813
0.019899
0.018323
0.032739
0.011315
0.013173
0.021684
0.030692
0.033629
0.001389
0.016063
0.019608
0.015806
0.014847
0.013601
0.046049
0.020867
0.009661
0.012391
0.012976
0.012938
0.014222
0.014434
0.022745
0.024433
0.009171
0.008862
0.024994
0.061141
0.009999
0.013048
0.010175
0.021246
0.009302

0.133585
0.050406
1.000000
0.043207
0.064596
0.136741
0.075544
0.042745
0.059010
0.135701
0.107606
0.081032
0.039881
0.018406
0.078225
0.055432
0.060681
0.083988
0.097456
0.132743
0.047649
0.072726
0.076968
0.049962
0.122155
0.099103
0.067715
0.071978
0.155142
0.047240
0.028094
0.019234
0.088909
0.060931
0.143449
0.017630
0.012131
0.090418
0.082340
0.020589
0.112920
0.074337
0.063675
0.110246
0.052660
0.034993
0.113544
0.023425
0.061241
0.054304
0.183378
0.082084
0.070491
0.068395
0.038031
0.067990
0.146711
0.125399
0.039025
0.118452
0.060151
0.095865
0.074415
0.084954
0.064763
0.070803
0.096268
0.019605
0.036391
0.299172
0.092271
0.031914
0.079059
0.079843
0.030619
0.055370
0.081859
0.034463
0.163719
0.048648
0.076041
0.103760
0.051207
0.164035
0.049426
0.057394
0.068456
0.088204
0.098150
0.146918
0.050892
0.066581
0.067770
0.079943
0.110535
0.072651
0.041548
0.047241
0.097519
0.115612
0.075980
0.072689
0.074787
0.017526
0.080414
0.063211
0.101081
0.070232
0.056204
0.051963
0.058244
0.077569
0.077372
0.059161
0.030056
0.024160
0.049575
0.025365
0.061689
0.041769
0.055395
0.015976
0.024027
0.035534
0.059677
0.006598
0.048545
0.038067
0.075871
0.048998
0.006314
0.033785
0.070769
0.051626
0.046798
0.054277
0.057213
0.044241
0.099999
0.030524
0.061481
0.033367
0.024430
0.007059
0.042484
0.029654
0.028406
0.046458
0.048995
0.006611
0.006611
0.031777
0.082298
0.092391
0.012999
0.047165
0.046268
0.055650
0.105906
0.068012
0.054394
0.053413
0.072484
0.069806
0.056550
0.043474
0.038263
0.035938
0.010815
0.046003
0.046516
0.011953
0.082397
0.069636
0.024225
0.053017
0.061280
0.090592
0.033188
0.031325
0.032030
0.090592
0.078801
0.107368
0.009394
0.006820
0.054517
0.028928
0.062569
0.011600
0.037790
0.069985
0.030740
0.045802
0.066394
0.044967
0.054105
0.017287
0.007318
0.030423
0.040424
0.040103
0.053151
0.074016
0.064459
0.033138
0.052392
0.014968
0.033712
0.042312
0.085901
0.013177
0.039398
0.056255
0.029389
0.091431
0.069775
0.047991
0.041699
0.060695
0.056743
0.066587
0.040481
0.063434
0.049406
0.140157
0.043493
0.081437
0.075280
0.030299
0.034023
0.018190
0.131780
0.135741
0.024534
0.035406
0.012526
0.028437
0.020949
0.068652
0.032029
0.033589
0.014245
0.097490
0.033797
0.019143
0.038267
0.016555
0.061844
0.019180
0.041074
0.014071
0.011737
0.015475
0.015511
0.051306
0.020225
0.015367
0.061234
0.085743
0.025691
0.005880
0.096595
0.023336
0.015267
0.020252
0.011688
0.016404
0.108806
0.060811
0.077191
0.012349
0.017480
0.045239
0.017702
0.046740
0.023622
0.016257
0.043533
0.018785
0.020414
0.017457
0.043042
0.017928
0.006905
0.025000
0.045065
0.027052
0.109659
0.060398
0.026950
0.070725
0.041260
0.115239
0.020740
0.056634
0.024451
0.081539
0.011915
0.131376
0.023207
0.227887
0.038845
0.037274
0.046198
0.062209
0.010510
0.070889
0.070732
0.018207
0.090437
0.035987
0.037051
0.046303
0.003808
0.014365
0.013797
0.029959
0.015693
0.026108
0.049457
0.008541
0.023631
0.039828
0.070352
0.013637
0.012591
0.014248
0.013788
0.012641
0.014407
0.008296
0.014214
0.051437
0.010089
0.012333
0.039290
0.023252
0.010573
0.005691
0.009333
0.017323
0.019098
0.012340
0.079655
0.019852
0.032739
0.061309
0.017385
0.031185
0.026045
0.017838
0.025137
0.024470
0.043094
0.002915
0.012327
0.012453
0.012103
0.010205
0.011379
0.134887
0.010286
0.012404
0.011008
0.011332
0.012265
0.011984
0.034208
0.011385
0.035573
0.032018
0.020868
0.017913
0.055435
0.005953
0.013240
0.013537
0.032411
0.015210

0.049724
0.048915
0.043207
1.000000
0.019685
0.035607
0.053831
0.011490
0.032933
0.048793
0.025323
0.031500
0.019348
0.056960
0.052099
0.072599
0.031063
0.003962
0.074470
0.020534
0.020994
0.028282
0.047156
0.072192
0.028124
0.024610
0.024932
0.031975
0.040295
0.034494
0.044296
0.007965
0.019107
0.053566
0.026671
0.014312
0.021227
0.021065
0.027640
0.002561
0.037897
0.024428
0.001807
0.024359
0.024997
0.032174
0.049039
0.050353
0.076232
0.046948
0.036433
0.031720
0.034474
0.040923
0.025642
0.031576
0.046254
0.066442
0.023709
0.047319
0.088346
0.028455
0.014914
0.048128
0.026719
0.035372
0.025870
0.022369
0.036743
0.045231
0.046587
0.012738
0.025635
0.038206
0.050422
0.023748
0.023634
0.043978
0.035623
0.020273
0.073374
0.063279
0.006944
0.024823
0.077899
0.088505
0.079983
0.043887
0.040458
0.034722
0.019960
0.032500
0.025379
0.043531
0.034624
0.017584
0.016286
0.029117
0.024464
0.034113
0.061526
0.032945
0.024475
0.003672
0.034568
0.034114
0.056824
0.054857
0.032881
0.039253
0.041587
0.057482
0.023266
0.047532
0.009355
0.008988
0.017360
0.009746
0.020536
0.019787
0.018938
0.006626
0.007581
0.026073
0.017658
0.002836
0.017792
0.012650
0.022615
0.014760
0.002736
0.018411
0.021144
0.022176
0.013634
0.020570
0.014175
0.028956
0.027064
0.012802
0.025989
0.014260
0.009987
0.003634
0.020973
0.025337
0.011746
0.019188
0.023498
0.002293
0.002293
0.015974
0.036291
0.055376
0.006528
0.012990
0.017125
0.024134
0.048205
0.029003
0.028742
0.024419
0.036386
0.033956
0.022871
0.021609
0.016890
0.022766
0.005288
0.035149
0.039933
0.009230
0.030451
0.035325
0.017444
0.029586
0.024738
0.026596
0.023353
0.023811
0.023813
0.026596
0.021716
0.047338
0.002786
0.001533
0.032586
0.024628
0.031737
0.004016
0.010495
0.037061
0.018822
0.028964
0.059910
0.046395
0.040338
0.007310
0.001462
0.027904
0.016212
0.030344
0.030267
0.035180
0.045515
0.026247
0.033524
0.006194
0.040644
0.019320
0.034950
0.006501
0.019347
0.030602
0.014037
0.057358
0.035047
0.032189
0.030181
0.014181
0.025103
0.028401
0.022025
0.035114
0.021131
0.062276
0.116244
0.031859
0.029626
0.009777
0.009693
0.006114
0.027159
0.027340
0.007649
0.008448
0.007601
0.007704
0.007951
0.013855
0.011507
0.030707
0.009691
0.033301
0.028652
0.013765
0.009007
0.006377
0.025781
0.011593
0.016536
0.008808
0.006371
0.006453
0.013938
0.008637
0.010208
0.008222
0.023959
0.033030
0.033083
0.002105
0.072608
0.011157
0.007143
0.025308
0.022825
0.007227
0.038657
0.014658
0.023463
0.012643
0.007990
0.006846
0.062914
0.011598
0.008682
0.006573
0.010094
0.021006
0.040648
0.008366
0.011233
0.005397
0.010699
0.009315
0.008533
0.010096
0.029404
0.022604
0.009034
0.059118
0.020421
0.030222
0.008461
0.016420
0.011575
0.037178
0.001350
0.001560
0.010223
0.010141
0.010698
0.064700
0.021992
0.021709
0.013384
0.015379
0.009783
0.006097
0.031676
0.007217
0.007294
0.008551
0.000834
0.007276
0.008674
0.007742
0.006128
0.009259
0.010610
0.004827
0.011634
0.011221
0.009647
0.006331
0.006826
0.006430
0.007018
0.006875
0.007495
0.005252
0.006817
0.014076
0.005513
0.013732
0.008732
0.008757
0.006283
0.012208
0.010416
0.006861
0.029800
0.014985
0.022326
0.009511
0.007652
0.014874
0.007879
0.023901
0.009926
0.010024
0.015938
0.028157
0.017869
0.000662
0.008500
0.009040
0.008937
0.007103
0.007374
0.032954
0.008792
0.013322
0.006867
0.007112
0.006904
0.007058
0.007135
0.010863
0.019900
0.010179
0.009980
0.019818
0.021366
0.014382
0.013642
0.006871
0.004241
0.006017

0.142992
0.018565
0.064596
0.019685
1.000000
0.071311
0.448594
0.068201
0.043983
0.364524
0.202440
0.027234
0.029686
0.029782
0.058977
0.122544
0.036462
0.062687
0.086191
0.069511
0.060569
0.109223
0.058835
0.102362
0.048867
0.121491
0.039910
0.083156
0.104820
0.028816
0.029739
0.011478
0.183169
0.057189
0.062516
0.030500
0.020030
0.063531
0.161624
0.058193
0.162291
0.014572
0.041189
0.103801
0.115462
0.041117
0.057896
0.024839
0.016439
0.037157
0.166116
0.024037
0.052859
0.017477
0.010587
0.055833
0.196239
0.104950
0.010332
0.097356
0.035333
0.087911
0.087559
0.022652
0.028517
0.058137
0.122732
0.006198
0.042707
0.118947
0.065648
0.034196
0.134468
0.034829
0.034612
0.059800
0.020922
0.049583
0.084286
0.034547
0.019979
0.017134
0.095853
0.062634
0.035389
0.018141
0.023187
0.227052
0.088276
0.316854
0.071355
0.076086
0.446477
0.112985
0.107851
0.083164
0.046674
0.034340
0.030687
0.084733
0.109209
0.113780
0.034012
0.003339
0.041485
0.123898
0.043713
0.027307
0.068756
0.077349
0.027592
0.023082
0.031406
0.046313
0.007691
0.033289
0.044355
0.018100
0.027722
0.024455
0.029345
0.025004
0.014274
0.041806
0.029312
0.002647
0.033200
0.024666
0.038551
0.025188
0.009169
0.026069
0.043671
0.035227
0.015604
0.028213
0.068427
0.060057
0.033751
0.015395
0.029697
0.012367
0.011379
0.001424
0.040595
0.045324
0.032006
0.020775
0.027954
0.005492
0.005492
0.015132
0.038147
0.034785
0.006531
0.035974
0.014842
0.041946
0.041148
0.052473
0.026872
0.022114
0.037282
0.038762
0.015264
0.032096
0.015393
0.027706
0.004096
0.039072
0.039342
0.004750
0.053489
0.074267
0.018425
0.086344
0.026462
0.031775
0.022691
0.052092
0.054022
0.031775
0.036497
0.041229
0.002468
0.006847
0.022441
0.035706
0.031233
0.004478
0.020642
0.048802
0.043666
0.020358
0.036784
0.018727
0.033570
0.004901
0.008029
0.035466
0.039605
0.022437
0.055766
0.023742
0.034701
0.014513
0.031992
0.008541
0.044861
0.020419
0.029195
0.003900
0.050783
0.018054
0.016437
0.050444
0.031639
0.024809
0.025893
0.020429
0.023457
0.018655
0.039113
0.024789
0.015498
0.047131
0.016852
0.024613
0.112510
0.014678
0.013695
0.015927
0.045302
0.103685
0.008414
0.025413
0.006477
0.016332
0.020857
0.073193
0.040147
0.024307
0.010259
0.080157
0.055048
0.026767
0.025765
0.009926
0.085418
0.015124
0.021381
0.008599
0.011293
0.005343
0.010090
0.041531
0.015840
0.008408
0.045548
0.059308
0.013498
0.016802
0.062710
0.009985
0.013600
0.049814
0.028342
0.019428
0.073577
0.064487
0.088570
0.014651
0.009733
0.032533
0.006992
0.072202
0.006255
0.011656
0.023857
0.015941
0.016908
0.016033
0.040625
0.015473
0.012371
0.013320
0.016134
0.015737
0.223411
0.031576
0.036163
0.079526
0.033009
0.095786
0.022397
0.031424
0.018118
0.053580
0.021749
0.019927
0.020178
0.032016
0.049416
0.023672
0.026421
0.063005
0.012676
0.108144
0.062629
0.010622
0.091370
0.008716
0.012201
0.043384
0.011082
0.016725
0.010466
0.019517
0.013491
0.008246
0.125052
0.012354
0.027673
0.034270
0.074258
0.006713
0.005824
0.006670
0.005940
0.022890
0.032787
0.012266
0.013329
0.034772
0.018587
0.008862
0.049017
0.023736
0.016934
0.017135
0.011909
0.007333
0.012355
0.015862
0.039395
0.006665
0.045600
0.043420
0.020488
0.023173
0.018553
0.018471
0.024109
0.017125
0.024148
0.000703
0.007744
0.008153
0.007487
0.006445
0.006824
0.046224
0.013575
0.016394
0.006135
0.007259
0.006689
0.006210
0.014695
0.007905
0.023852
0.020040
0.011362
0.017396
0.060822
0.014824
0.010156
0.017592
0.032971
0.007530

0.109500
0.100465
0.136741
0.035607
0.071311
1.000000
0.074424
0.036653
0.061849
0.081511
0.093471
0.069284
0.034505
0.033650
0.061023
0.060777
0.059858
0.011192
0.099201
0.083549
0.062120
0.140661
0.097600
0.061453
0.666363
0.066413
0.082250
0.053282
0.163326
0.052257
0.044892
0.024628
0.064567
0.057196
0.081196
0.041380
0.016592
0.058248
0.103217
0.014475
0.063978
0.062277
0.016732
0.076706
0.050295
0.040420
0.090050
0.077166
0.082761
0.084533
0.143409
0.083346
0.064214
0.089185
0.090194
0.069013
0.134824
0.076329
0.088481
0.120943
0.081253
0.046249
0.096531
0.085548
0.040011
0.062461
0.062412
0.007944
0.139063
0.164816
0.103808
0.040005
0.070753
0.074278
0.057457
0.069663
0.069651
0.044221
0.258252
0.046802
0.088687
0.077432
0.041452
0.161154
0.054883
0.067490
0.068635
0.090476
0.103894
0.076207
0.044611
0.045431
0.063791
0.106241
0.102405
0.098449
0.040776
0.079182
0.054736
0.135086
0.099195
0.061494
0.113172
0.030166
0.074273
0.061108
0.089027
0.076736
0.047814
0.044458
0.094538
0.083169
0.081556
0.066516
0.027411
0.033371
0.045272
0.044509
0.079470
0.047100
0.053393
0.030643
0.026949
0.056995
0.070345
0.007608
0.058983
0.035388
0.068287
0.057716
0.020266
0.062666
0.072757
0.055380
0.031839
0.074444
0.066506
0.054124
0.076846
0.027671
0.040200
0.043332
0.033055
0.009594
0.051049
0.032386
0.052024
0.045076
0.073465
0.009205
0.009205
0.050719
0.071426
0.164198
0.009262
0.039374
0.041572
0.069184
0.115933
0.085717
0.102424
0.061991
0.123734
0.079711
0.061881
0.061143
0.067348
0.045522
0.008126
0.055263
0.056601
0.008123
0.066792
0.105283
0.026253
0.090531
0.062724
0.105631
0.055792
0.055782
0.054864
0.105631
0.078278
0.220663
0.011303
0.014658
0.054315
0.063329
0.074719
0.012278
0.034424
0.106952
0.050703
0.058192
0.056655
0.062405
0.067738
0.011655
0.015963
0.048640
0.031059
0.046603
0.051669
0.080931
0.070610
0.038406
0.054726
0.013405
0.060926
0.050527
0.094773
0.009779
0.063663
0.067404
0.041665
0.115962
0.104270
0.066491
0.061253
0.051596
0.059048
0.044186
0.039459
0.071306
0.053377
0.152232
0.059406
0.119206
0.075447
0.018366
0.044547
0.014134
0.140904
0.111141
0.029907
0.030439
0.011236
0.027811
0.012913
0.063857
0.024902
0.063801
0.010205
0.117859
0.060577
0.015262
0.023397
0.012568
0.055806
0.029498
0.034184
0.011829
0.012084
0.025200
0.010981
0.026002
0.025043
0.012421
0.045056
0.088767
0.020713
0.018707
0.128619
0.027713
0.018553
0.027581
0.016566
0.007232
0.069926
0.077954
0.065622
0.022248
0.073319
0.025488
0.013400
0.030308
0.017222
0.011057
0.020435
0.025311
0.015343
0.013371
0.018082
0.017663
0.007775
0.028307
0.030112
0.020236
0.084618
0.069221
0.038959
0.095156
0.051575
0.133623
0.025127
0.066466
0.016727
0.110825
0.003314
0.034154
0.016312
0.038946
0.023560
0.048931
0.032335
0.090457
0.014092
0.067302
0.057183
0.012054
0.113186
0.032244
0.033079
0.023734
0.001670
0.014360
0.015313
0.029467
0.009854
0.020045
0.057355
0.007262
0.023816
0.040724
0.027327
0.013444
0.006943
0.008236
0.008485
0.011131
0.021244
0.006323
0.008893
0.065105
0.008006
0.008838
0.033407
0.045591
0.009338
0.006589
0.007640
0.006656
0.018443
0.011962
0.107823
0.022199
0.014904
0.047614
0.010986
0.036722
0.016871
0.011229
0.034326
0.026518
0.052357
0.002388
0.008493
0.009073
0.008931
0.007837
0.008995
0.104301
0.008706
0.016576
0.009116
0.008264
0.010372
0.018314
0.017722
0.019641
0.030348
0.042475
0.027679
0.015203
0.118892
0.007326
0.018971
0.010258
0.032908
0.014666

0.126693
0.033224
0.075544
0.053831
0.448594
0.074424
1.000000
0.052514
0.047172
0.276515
0.236938
0.097142
0.017544
0.037286
0.048012
0.125689
0.049179
0.038937
0.094702
0.060606
0.049799
0.105361
0.047045
0.092385
0.051949
0.095512
0.035972
0.080949
0.108432
0.046332
0.041496
0.014360
0.129451
0.051503
0.074443
0.029005
0.017142
0.072647
0.139146
0.042024
0.126370
0.020787
0.049106
0.068737
0.085608
0.031067
0.067446
0.033458
0.030237
0.038030
0.149424
0.042664
0.050637
0.022634
0.012759
0.057758
0.179655
0.115273
0.013170
0.099842
0.067653
0.076139
0.059859
0.056193
0.057979
0.069206
0.111473
0.006049
0.026320
0.130607
0.072133
0.068296
0.116550
0.050639
0.032788
0.048546
0.040089
0.028964
0.086662
0.028357
0.050541
0.031722
0.061802
0.062638
0.072203
0.049073
0.105202
0.252497
0.105847
0.308703
0.057567
0.043793
0.359065
0.114226
0.098703
0.069087
0.056792
0.040580
0.038281
0.098994
0.133595
0.073323
0.032108
0.010155
0.069839
0.104549
0.060700
0.049664
0.055866
0.060676
0.029299
0.057404
0.048838
0.040673
0.012831
0.027265
0.041302
0.017567
0.031870
0.019130
0.032784
0.025753
0.014228
0.041848
0.028919
0.003434
0.035246
0.019010
0.040066
0.028481
0.004498
0.024437
0.048287
0.039305
0.023543
0.033951
0.057082
0.053605
0.037476
0.016864
0.025150
0.016781
0.012876
0.002716
0.033785
0.043348
0.037636
0.024205
0.031101
0.002907
0.002907
0.022020
0.041130
0.045779
0.005377
0.020932
0.021077
0.046122
0.040774
0.065388
0.039680
0.033882
0.037606
0.035803
0.016804
0.030948
0.012818
0.035786
0.003713
0.036336
0.038973
0.003583
0.048650
0.066522
0.017812
0.069017
0.039151
0.035513
0.038890
0.068967
0.069546
0.035513
0.042066
0.041903
0.003667
0.010047
0.046917
0.036430
0.035718
0.006429
0.022823
0.054115
0.049095
0.022314
0.052553
0.018460
0.044644
0.008429
0.010793
0.036887
0.031572
0.035453
0.056082
0.032319
0.058449
0.016686
0.038486
0.010896
0.040189
0.045657
0.040079
0.007126
0.049686
0.039012
0.012277
0.058927
0.028006
0.025577
0.030141
0.026542
0.026426
0.020263
0.040305
0.031577
0.021200
0.067612
0.036036
0.030348
0.107019
0.014803
0.011511
0.012206
0.052466
0.116986
0.007727
0.027154
0.010545
0.013239
0.016272
0.067005
0.032181
0.027876
0.010164
0.074069
0.044435
0.014496
0.019778
0.010095
0.071617
0.013265
0.029110
0.007317
0.010850
0.005882
0.008082
0.029039
0.013578
0.008512
0.044494
0.058895
0.020902
0.026670
0.101117
0.011340
0.011507
0.030513
0.012704
0.010538
0.071493
0.059620
0.088541
0.006393
0.009786
0.025539
0.026655
0.050297
0.008333
0.009908
0.018650
0.015832
0.023894
0.011284
0.028813
0.012657
0.010791
0.014160
0.013863
0.013029
0.201396
0.057355
0.037305
0.069578
0.044026
0.129472
0.008678
0.035037
0.019052
0.111593
0.020533
0.020565
0.015902
0.028176
0.030021
0.060663
0.029554
0.067946
0.016497
0.097464
0.048250
0.018404
0.112358
0.017278
0.018470
0.044120
0.004511
0.012946
0.008744
0.026399
0.009808
0.010434
0.098900
0.013128
0.012410
0.042866
0.081198
0.005605
0.005346
0.006085
0.005589
0.005553
0.027234
0.010024
0.021311
0.056011
0.010353
0.007804
0.047425
0.014689
0.011609
0.010962
0.012141
0.006538
0.017105
0.013779
0.039777
0.006552
0.027895
0.024582
0.009726
0.033794
0.015929
0.014142
0.010831
0.021937
0.017421
0.001138
0.007520
0.008805
0.007166
0.005565
0.006158
0.054981
0.010120
0.013000
0.005885
0.007228
0.006336
0.005212
0.015644
0.010855
0.019368
0.016473
0.009008
0.012121
0.052882
0.013061
0.013357
0.010809
0.026630
0.005997

0.054585
0.047043
0.042745
0.011490
0.068201
0.036653
0.052514
1.000000
0.031966
0.052660
0.025946
0.031176
0.063821
0.029683
0.012086
0.036409
0.027482
0.021397
0.051406
0.048948
0.015594
0.029937
0.009371
0.033803
0.036988
0.063528
0.104383
0.030351
0.104521
0.019829
0.019771
0.003223
0.057232
0.024133
0.086177
0.010548
0.009409
0.096319
0.088843
0.025721
0.086842
0.019119
0.064970
0.018030
0.100082
0.020127
0.040209
0.017048
0.026292
0.018389
0.071984
0.014762
0.034623
0.017689
0.008086
0.031521
0.075720
0.059023
0.009053
0.064824
0.047685
0.059035
0.063367
0.018750
0.016243
0.019132
0.039177
0.007332
0.020682
0.079589
0.088042
0.062675
0.110579
0.058500
0.018873
0.021757
0.080050
0.037284
0.087742
0.083950
0.020858
0.010114
0.071591
0.080116
0.025850
0.022558
0.025881
0.051222
0.068934
0.074453
0.039823
0.261500
0.048673
0.024235
0.078997
0.025274
0.023963
0.026655
0.023833
0.039004
0.026345
0.054578
0.014150
0.000823
0.033111
0.062824
0.020710
0.023521
0.073786
0.038494
0.048330
0.018442
0.016818
0.010472
0.014482
0.006061
0.018647
0.010757
0.020406
0.019497
0.013158
0.006508
0.006382
0.009468
0.016893
0.003511
0.006658
0.014410
0.029066
0.015539
0.005683
0.019511
0.034156
0.020140
0.011864
0.021320
0.022383
0.011798
0.023437
0.011488
0.016800
0.011634
0.007040
0.002470
0.013030
0.010094
0.013320
0.012229
0.014770
0.002967
0.002967
0.023834
0.023800
0.023637
0.000742
0.007510
0.010291
0.032930
0.034698
0.020496
0.015829
0.020271
0.025207
0.027225
0.013983
0.021180
0.019873
0.020334
0.002194
0.017036
0.015861
0.002532
0.014289
0.021070
0.009661
0.023322
0.015555
0.036348
0.008128
0.007190
0.008324
0.036348
0.017757
0.029518
0.002233
0.005449
0.025126
0.017950
0.024040
0.000886
0.016161
0.014415
0.010688
0.008572
0.014159
0.026311
0.014869
0.001568
0.005199
0.019521
0.022299
0.013495
0.043739
0.022501
0.011741
0.011630
0.024681
0.005955
0.015692
0.012770
0.025089
0.001741
0.010745
0.012369
0.011358
0.028838
0.018314
0.017022
0.016665
0.011580
0.014017
0.016968
0.022215
0.016970
0.012622
0.029637
0.014201
0.019843
0.184491
0.015286
0.009145
0.006436
0.054143
0.074154
0.022477
0.016502
0.007636
0.052249
0.008265
0.097621
0.035066
0.007693
0.030119
0.040421
0.012970
0.010641
0.035746
0.014088
0.033919
0.017927
0.039150
0.007910
0.012704
0.004700
0.010371
0.036082
0.010047
0.011863
0.092081
0.017985
0.004894
0.020052
0.028082
0.007642
0.012970
0.005000
0.016487
0.016563
0.063697
0.104779
0.082662
0.004735
0.013599
0.035576
0.007850
0.024929
0.006669
0.019587
0.025424
0.010667
0.013383
0.007360
0.062629
0.010507
0.007909
0.010166
0.017378
0.007768
0.110010
0.010322
0.013130
0.024691
0.013294
0.106808
0.010542
0.091217
0.024999
0.031185
0.023197
0.025384
0.009603
0.061086
0.057541
0.037602
0.041432
0.023107
0.011738
0.040035
0.033509
0.022563
0.038443
0.005075
0.008056
0.024284
0.006351
0.007723
0.009426
0.012128
0.008046
0.009573
0.107326
0.005828
0.010180
0.009080
0.069994
0.006831
0.006241
0.006330
0.006649
0.006297
0.006334
0.010177
0.023976
0.011275
0.015442
0.006437
0.017536
0.010199
0.019732
0.008340
0.008894
0.010394
0.008887
0.016443
0.031949
0.008006
0.044556
0.042734
0.015716
0.039755
0.010555
0.009357
0.011011
0.019395
0.010947
0.000672
0.005399
0.004936
0.004844
0.004291
0.005218
0.040009
0.008268
0.011819
0.007910
0.005162
0.005328
0.007709
0.016848
0.009749
0.030545
0.010560
0.006299
0.007214
0.031018
0.010572
0.006947
0.010941
0.025857
0.008702

0.162572
0.078262
0.059010
0.032933
0.043983
0.061849
0.047172
0.031966
1.000000
0.043263
0.040616
0.035005
0.022331
0.029430
0.054098
0.038813
0.029802
0.005616
0.028124
0.033035
0.052053
0.065399
0.060545
0.049622
0.049624
0.027506
0.052228
0.047632
0.097397
0.046104
0.028300
0.014504
0.032619
0.060703
0.052557
0.006884
0.025594
0.039906
0.068249
0.002273
0.063116
0.055858
0.001650
0.031635
0.016058
0.036027
0.050885
0.038886
0.053760
0.031656
0.072392
0.048299
0.046013
0.041671
0.040115
0.069684
0.052911
0.104748
0.033905
0.097404
0.152748
0.022576
0.019894
0.083602
0.042327
0.175917
0.038192
0.005602
0.038059
0.064902
0.064220
0.013995
0.031204
0.043913
0.036430
0.032752
0.108517
0.071916
0.040240
0.021645
0.102242
0.034804
0.017570
0.042207
0.027711
0.073835
0.048905
0.071672
0.057880
0.041884
0.020110
0.051005
0.023580
0.053615
0.047132
0.045259
0.035499
0.028179
0.024719
0.040546
0.095855
0.086373
0.033805
0.012921
0.062145
0.086717
0.064169
0.065725
0.051004
0.029520
0.041940
0.058163
0.059311
0.053635
0.009450
0.017435
0.044874
0.023180
0.027288
0.021691
0.019645
0.015949
0.019773
0.018292
0.030663
0.005752
0.013466
0.011096
0.049832
0.025902
0.013350
0.030660
0.045205
0.028528
0.019891
0.027915
0.014684
0.022120
0.038772
0.012952
0.024515
0.015782
0.012789
0.002818
0.013826
0.014294
0.024457
0.022318
0.041370
0.002418
0.002418
0.041287
0.043457
0.035891
0.006559
0.024807
0.028394
0.037694
0.040131
0.030874
0.026878
0.028589
0.036929
0.033459
0.028906
0.023671
0.013362
0.029697
0.003957
0.027226
0.025552
0.003644
0.081835
0.026662
0.010017
0.018401
0.025367
0.028803
0.060047
0.035254
0.035130
0.028803
0.028265
0.057812
0.011340
0.005933
0.051016
0.022440
0.029947
0.006854
0.053292
0.031724
0.021397
0.023793
0.025899
0.061450
0.024150
0.007029
0.006231
0.023022
0.017546
0.031518
0.036171
0.038405
0.038359
0.019953
0.020361
0.003548
0.046836
0.038610
0.029731
0.003119
0.019077
0.099913
0.017775
0.040948
0.029095
0.034180
0.018047
0.022228
0.037676
0.022736
0.029719
0.051497
0.028774
0.053419
0.034503
0.031973
0.038923
0.027643
0.019872
0.026242
0.040060
0.098450
0.008005
0.037217
0.006877
0.011995
0.020485
0.020696
0.029036
0.017265
0.011284
0.096562
0.479345
0.016712
0.021510
0.006792
0.033546
0.015753
0.028777
0.011719
0.006481
0.014199
0.012153
0.018477
0.008489
0.008559
0.029163
0.061731
0.027471
0.000713
0.106668
0.011729
0.010124
0.042598
0.013054
0.007976
0.085735
0.035322
0.046537
0.014781
0.006489
0.033055
0.018840
0.059301
0.015788
0.006368
0.023904
0.032622
0.017306
0.025896
0.022417
0.024786
0.005395
0.016356
0.027379
0.017422
0.037860
0.050031
0.037127
0.038255
0.013484
0.074901
0.014035
0.023222
0.015357
0.067589
0.001092
0.001375
0.019136
0.009764
0.138707
0.036434
0.033894
0.076741
0.016966
0.074471
0.083878
0.006456
0.114322
0.025317
0.028241
0.021376
0.000642
0.019740
0.006122
0.013877
0.019499
0.010018
0.015771
0.014235
0.018169
0.026972
0.030588
0.006416
0.005357
0.005974
0.005880
0.005323
0.006552
0.005722
0.007329
0.050290
0.016122
0.007081
0.038668
0.008259
0.020024
0.008119
0.004750
0.007173
0.028728
0.011091
0.077115
0.012301
0.006746
0.044514
0.011670
0.028110
0.015964
0.018123
0.024395
0.046628
0.024267
0.000826
0.006820
0.007694
0.006689
0.006571
0.006596
0.059203
0.021533
0.006622
0.008075
0.006408
0.006660
0.007568
0.012663
0.015053
0.019601
0.026966
0.017755
0.018591
0.063350
0.007366
0.011671
0.016332
0.022765
0.014175

0.067873
0.036387
0.135701
0.048793
0.364524
0.081511
0.276515
0.052660
0.043263
1.000000
0.188168
0.039050
0.036719
0.036956
0.032516
0.069950
0.033506
0.032963
0.089430
0.050622
0.035259
0.084087
0.049408
0.046280
0.074953
0.100905
0.051238
0.077921
0.103997
0.054007
0.026370
0.016156
0.125913
0.053012
0.083443
0.030336
0.006669
0.048767
0.098066
0.037715
0.053104
0.076356
0.045463
0.139186
0.081131
0.024902
0.054136
0.032859
0.026490
0.031774
0.167044
0.028754
0.090378
0.025008
0.038598
0.040757
0.186080
0.063469
0.038587
0.088339
0.049471
0.061152
0.065405
0.029253
0.033807
0.054943
0.066642
0.005417
0.076921
0.191565
0.063926
0.033632
0.070055
0.043003
0.031418
0.075784
0.029240
0.014264
0.120760
0.042187
0.075707
0.057596
0.066636
0.073017
0.065383
0.086750
0.063327
0.165128
0.073010
0.292402
0.037457
0.075710
0.301776
0.119740
0.142306
0.080036
0.034756
0.049682
0.031192
0.114474
0.073596
0.088152
0.038954
0.012938
0.053481
0.083752
0.071236
0.059972
0.043810
0.065685
0.032372
0.086536
0.043602
0.031392
0.011513
0.040649
0.032482
0.020611
0.039579
0.029117
0.031641
0.025438
0.024389
0.050840
0.034950
0.009406
0.035239
0.023493
0.070546
0.040715
0.015181
0.035259
0.036441
0.046652
0.019889
0.033959
0.062044
0.048612
0.056152
0.017024
0.028896
0.021360
0.021745
0.005677
0.039042
0.042060
0.028335
0.026177
0.038478
0.004810
0.004810
0.019969
0.033535
0.053221
0.004906
0.015494
0.021069
0.043190
0.042094
0.070311
0.031668
0.036637
0.070411
0.042520
0.036005
0.034755
0.020098
0.024060
0.003323
0.070171
0.074061
0.003454
0.033300
0.082445
0.018627
0.078820
0.043022
0.037759
0.019354
0.049911
0.053107
0.037759
0.049095
0.060275
0.005586
0.002159
0.028444
0.040964
0.041557
0.021746
0.025459
0.051149
0.063449
0.034413
0.043143
0.046452
0.037570
0.020114
0.002009
0.022234
0.046051
0.027605
0.052092
0.056763
0.048250
0.028186
0.040865
0.018349
0.022976
0.038600
0.045952
0.015437
0.049647
0.016504
0.016607
0.065730
0.031903
0.037720
0.020196
0.035176